212252538767224829
188880257735879481
166026398114086688
154746213710639463
150224397567809418
139551312204498877
139208548449620023
135038778696774345
130979136236399955
126088636814611458
124790807181333316
122672176290093072
119419199778100533
117057350535664597
117050612264325688
115790432530686217
115789038946416441
113440161164268517
112823132588199183
110436602539565846
109238474388271136
104620119135895572
103876251733327895
96055237107199977
91832312966714024
86905463516262357
86170416020656964
85770815644957987
85730235547735052
84915913052209475
83489532139574661
83103931009554298
80482975976267401
80252450688714802
79324692744725865
79319684235804968
79017608614612474
77997617898752778
76767894077397281
76515355697330367
75995673208134924
75480332622165851
74203303820770754
71105005064405336
67737642455845733
66600812175911146
65571944222719375
65468113585398635
65316900781525323
64303563133218123
63771067046668131
63033212621023100
61920647396287067
57732943810816554
57628360545441842
55930684518725267
55920528771555640
53287317877410932
51365982252969892
45255018532578069
44389878907541404
44185402890448526
41365238994036777
40884326441719853
39594830164895040
39495699722274034
38578900550924908
38225143411235595
37822049395101280
37746971301972396
37622165783717231
37603159907115999
37068436323006525
35499789531192996
35295601116898611
35278699152506204
35209349470879553
33784912554732963
33393377052498882
32738359679924671
32665564802263520
32566675763692689
32484739644220745
32245536031549549
31398934348616554
31137076349492609
30911400239794661
30454333015409524
30038558801384893
29881829114792000
29880238253527729
29137946735085844
29066624792355033
29028465912493177
29009808831435063
28994266228046995
28806361327341044
28790674402248071
28261702619534386
27906077008873101
27540685934512001
27138796547792501
27070348026867013
26020519298582214
25789065722341874
25583164176922702
25431347792175887
24879101625521459
24535593692057345
24269655070838595
23678862766749455
23547854672745594
22591087890281450
21694351121478735
17220631821936868
16419713410923314
16037119179243976
15362702195496342
15183314763514495
14085592618374688
13696803745481288
3237692406412718
3001576799280982
