2237918916855359
2237214155966112
2236066243762484
2235904982886927
2235888348517521
2235866853315388
2235866784059871
2235865228997985
2235859655052428
2235841586023803
2235829129930570
2235728674691210
2235720868061112
2235650770890112
2229484508916417
2229429058394288
2229359160022521
2229299081324235
2229296003408329
2229228491376077
2032229204477310
2032186259169294
2032040003111148
2031992755334738
1851899737994775
1808022617018646
1697151756021219
1693637495323325
1664172061762177
1642717274673882
1631410304603040
1601415187072915
1574346679258347
1547319717805201
1032508511621030
957110987176923
767656176203478
691086701255622
664506566175564
516666535751322
516460760382958
516048095780714
515841107584161
515471322973726
496343090373801
392776200803842
392775969454721
392769877025493
372064511668513
296279773866073
229058596415958
194012976972894
169682798814285
166935822058260
163935487827202
161607834843777
159361861046066
140735390489744
117830003794178
117829729510509
109790753114604
103455220441428
103250772285168
103250620925840
103250453946835
103249274180836
103249042362236
103248982804960
103248852502225
103248833909895
103245475156102
103244270721081
103013439940882
102891889175425
102774696709100
102772561727194
102768818437811
102691805733645
102679196470571
102664464396886
102663685387179
102658707040342
102657721767138
102657661245734
102657628101969
102657285325522
102657274210008
102657112206033
102656556459447
102656482552748
102656327115546
102654848858293
102654517553252
102654135982114
102654007704685
102652961486340
102652699795309
102652474577184
102652264236259
102651353511579
102648021439773
102642799050703
101425881357595
101039326300271
