10349000000
10349000000
10256000000
10256000000
9503700000
9503700000
9401300000
9401300000
9136700000
9136700000
8230300000
8230300000
7737200000
7737200000
7441100000
7441100000
7434300000
7434300000
7318300000
7318300000
7298100000
7298100000
7205800000
7205800000
7203500000
7203500000
7060500000
7060500000
7054900000
7054900000
7032400000
7032400000
6714900000
6714900000
6211600000
6211600000
6138400000
6138400000
6110300000
6110300000
6050600000
6050600000
5932400000
5932400000
5898600000
5898600000
5813000000
5813000000
5722900000
5722900000
5540600000
5540600000
5375000000
5375000000
5349200000
5349200000
5238800000
5238800000
5224200000
5224200000
5210700000
5210700000
5166800000
5166800000
5108200000
5108200000
5104800000
5104800000
4895400000
4895400000
4893200000
4893200000
4832400000
4832400000
4751300000
4751300000
4747900000
4747900000
4700600000
4700600000
4615100000
4615100000
4591400000
4591400000
4558800000
4558800000
4553100000
4553100000
4534000000
4534000000
4526100000
4526100000
4523900000
4523900000
4442800000
4442800000
4416900000
4416900000
4362900000
4362900000
4351600000
4289700000
4224400000
4198500000
4183800000
4171500000
4089300000
4088100000
4081400000
4063400000
4049900000
4025100000
3955300000
3941800000
3897900000
3857300000
3834800000
3798800000
3790900000
3766100000
3765000000
3747000000
3747000000
3718800000
3665900000
3662600000
3661400000
3652400000
3624300000
3586000000
3581500000
3562300000
3557800000
3543200000
3535300000
3479000000
3473400000
3463300000
3445300000
3395700000
3389000000
3377700000
3345000000
3311300000
3287600000
3264000000
3264000000
3246000000
3226800000
3215600000
3214400000
3204300000
3177300000
3175000000
3154800000
3140100000
3118700000
3117600000
3114200000
3090600000
3082700000
3073700000
3051200000
3050100000
3032000000
3001600000
2998300000
2987000000
2985900000
2970100000
2969000000
2966700000
2957700000
2926200000
2926200000
2924000000
2862000000
2851900000
2837300000
2812500000
2808000000
2802400000
2776500000
2767500000
2758500000
2751700000
2749400000
2720200000
2714500000
2712300000
2707800000
2702200000
2697700000
2690900000
2689800000
2681900000
2674000000
2625600000
2607600000
2595200000
2591800000
2569300000
2565900000
2561400000
2543400000
2543400000
2541200000
2529900000
2523100000
2522000000
2508500000
2506300000
2500600000
2496100000
2492700000
2480400000
2479200000
2468000000
2463500000
2455600000
2454500000
2453300000
2442100000
2418400000
2412800000
2411700000
2411700000
2403800000
2392500000
2388000000
2386900000
2384700000
2383500000
2382400000
2381300000
2379000000
2379000000
2377900000
2376800000
2374500000
2363300000
2361000000
2350900000
2348600000
2346400000
2341900000
2328400000
2326100000
2321600000
2317100000
2311500000
2307000000
2307000000
2300200000
2300200000
2289000000
2287800000
2274300000
2270900000
2266400000
2266400000
2263100000
2261900000
2256300000
2254100000
2252900000
2252900000
2251800000
2251800000
2251800000
2251800000
2251800000
2251800000
2240500000
2239400000
2238300000
2238300000
2233800000
2210100000
2202300000
2196600000
2191000000
2171900000
2166200000
2152700000
2149300000
2140300000
2140300000
2134700000
2128000000
2128000000
2128000000
2128000000
2128000000
2126800000
2126800000
2125700000
2125700000
2125700000
2121200000
2120100000
2116700000
2111100000
2090800000
2087400000
2085200000
2078400000
2073900000
2073900000
2050300000
2044600000
2036800000
2035600000
2028900000
2022100000
2022100000
2016500000
2016500000
2007500000
1999600000
1997300000
1992800000
1990600000
1986100000
1985000000
1983800000
1982700000
1977100000
1973700000
1970300000
1969200000
1968100000
1961300000
1960200000
1956800000
1953400000
1953400000
1948900000
1946700000
1944400000
1939900000
1925300000
1924200000
1903900000
1900500000
1894900000
1888100000
1885900000
1882500000
1878000000
1878000000
1874600000
1872400000
1872400000
1872400000
1870100000
1865600000
1865600000
1865600000
1864500000
1864500000
1864500000
1862200000
1862200000
1857700000
1856600000
1856600000
1856600000
1851000000
1849900000
1845300000
1834100000
1831800000
1829600000
1824000000
1817200000
1816100000
1816100000
1816100000
1815000000
1802600000
1801400000
1800300000
1795800000
1785700000
1784600000
1781200000
1778900000
1774400000
1768800000
1763200000
1756400000
1755300000
1748500000
1746300000
1742900000
1737300000
1733900000
1733900000
1731600000
1730500000
1719200000
1715900000
1714700000
1705700000
1702400000
1700100000
1699000000
1694500000
1693400000
1692200000
1690000000
1688800000
1688800000
1687700000
1685500000
1685500000
1682100000
1682100000
1679800000
1679800000
1678700000
1677600000
1665200000
1664100000
1658500000
1657300000
1656200000
1652800000
1648300000
1641600000
1633700000
1630300000
1626900000
1619000000
1615700000
1613400000
1611200000
1604400000
1604400000
1601000000
1589800000
1589800000
1588600000
1584100000
1584100000
1577400000
1577400000
1576300000
1574000000
1393900000
1393900000
1391600000
1391600000
1390500000
1390500000
1384900000
1384900000
1384900000
1384900000
1383700000
1383700000
1369100000
1369100000
1363500000
1363500000
1359000000
1359000000
1354500000
1354500000
1354500000
1354500000
1353300000
1353300000
1353300000
1353300000
1351100000
1351100000
1351100000
1351100000
1346600000
1346600000
1344300000
1344300000
1340900000
1340900000
1335300000
1335300000
1333100000
1333100000
1326300000
1326300000
1325200000
1325200000
1324100000
1324100000
1324100000
1324100000
1320700000
1320700000
1320700000
1320700000
1318400000
1318400000
1311700000
1311700000
1311700000
1311700000
1306000000
1306000000
1304900000
1304900000
1303800000
1303800000
1303800000
1303800000
1293700000
1293700000
1292500000
1292500000
1292500000
1292500000
1291400000
1291400000
1291400000
1291400000
1288000000
1288000000
1286900000
1286900000
1283500000
1283500000
1282400000
1282400000
1277900000
1277900000
1273400000
1273400000
1272300000
1272300000
1272300000
1272300000
1265500000
1265500000
1263300000
1263300000
1261000000
1261000000
1259900000
1259900000
1256500000
1253100000
1252000000
1250900000
1247500000
1247500000
1243000000
1239600000
1238500000
1235100000
1234000000
1234000000
1234000000
1232900000
1230600000
1228400000
1228400000
1226100000
1223900000
1222700000
1221600000
1220500000
1217100000
1216000000
1214800000
1213700000
1212600000
1211500000
1207000000
1205800000
1204700000
1199100000
1199100000
1193500000
1192300000
1191200000
1190100000
1189000000
1187800000
1182200000
1182200000
1182200000
1177700000
1177700000
1177700000
1175400000
1174300000
1170900000
1170900000
1169800000
1168700000
1168700000
1168700000
1165300000
1165300000
1165300000
1163100000
1163100000
1163100000
1161900000
1160800000
1158600000
1157400000
1156300000
1156300000
1156300000
1155200000
1155200000
1155200000
1152900000
1152900000
1149500000
1148400000
1147300000
1147300000
1143900000
1143900000
1142800000
1141700000
1141700000
1141700000
1139400000
1138300000
1137200000
1137200000
1137200000
1137200000
1137200000
1133800000
1133800000
1132700000
1132700000
1131500000
1130400000
1130400000
1130400000
1130400000
1129300000
1129300000
1129300000
1129300000
1129300000
1129300000
1129300000
1128200000
1128200000
1128200000
1128200000
1128200000
1127000000
1127000000
1127000000
1127000000
1127000000
1127000000
1127000000
1125900000
1125900000
1125900000
1125900000
1125900000
1125900000
1125900000
1125900000
1125900000
1125900000
1125900000
1125900000
1125900000
1125900000
1125900000
1125900000
1125900000
1125900000
1125900000
1124800000
1124800000
1124800000
1124800000
1124800000
1122500000
1122500000
1121400000
1121400000
1121400000
1119100000
1119100000
1118000000
1116900000
1116900000
1111300000
1109000000
1105600000
1104500000
1103400000
1103400000
1101100000
1101100000
1096600000
1096600000
1095500000
1095500000
1092100000
1092100000
1086500000
1084200000
1079700000
1077500000
1077500000
1073000000
1073000000
1069600000
1068500000
1065100000
1065100000
1059500000
1057200000
1053800000
1047100000
1046000000
1043700000
1043700000
1042600000
1040300000
1038100000
1034700000
1026800000
1026800000
1023400000
1016700000
1016700000
1015600000
1013300000
1013300000
1012200000
1011100000
1011100000
1009900000
1006600000
1002100000
922110000
922110000
918730000
918730000
917610000
917610000
916480000
916480000
915360000
915360000
914230000
914230000
913100000
913100000
909730000
909730000
907480000
907480000
907480000
907480000
905220000
905220000
905220000
905220000
904100000
904100000
902970000
902970000
902970000
902970000
902970000
902970000
901850000
901850000
900720000
900720000
900720000
900720000
900720000
900720000
898470000
898470000
897340000
897340000
897340000
897340000
895090000
895090000
895090000
895090000
891710000
891710000
890590000
890590000
889460000
889460000
889460000
889460000
889460000
889460000
886080000
886080000
883830000
883830000
881580000
881580000
879330000
879330000
879330000
879330000
879330000
879330000
879330000
879330000
877080000
877080000
873700000
873700000
869190000
869190000
865820000
865820000
864690000
864690000
863570000
863570000
859060000
859060000
857940000
857940000
856810000
856810000
855680000
855680000
855680000
855680000
855680000
855680000
855680000
855680000
853430000
851180000
851180000
848930000
848930000
845550000
845550000
841050000
839920000
838800000
837670000
836540000
835420000
832040000
829790000
828660000
828660000
827540000
827540000
826410000
825280000
825280000
824160000
824160000
824160000
823030000
820780000
819660000
819660000
818530000
818530000
816280000
814030000
807270000
802770000
801640000
801640000
800510000
800510000
798260000
798260000
797140000
796010000
796010000
796010000
794890000
790380000
790380000
789260000
789260000
788130000
788130000
787000000
785880000
784750000
784750000
783630000
783630000
782500000
780250000
776870000
776870000
776870000
775750000
774620000
772370000
770120000
770120000
770120000
767860000
767860000
767860000
765610000
765610000
765610000
763360000
763360000
762230000
761110000
759980000
756600000
755480000
754350000
754350000
750980000
750980000
749850000
748720000
747600000
747600000
745350000
744220000
744220000
743090000
741970000
740840000
740840000
740840000
735210000
734090000
732960000
732960000
732960000
731830000
731830000
731830000
730710000
729580000
729580000
728460000
725080000
723950000
723950000
720580000
716070000
712690000
712690000
711570000
710440000
710440000
709320000
709320000
708190000
707070000
707070000
704810000
704810000
703690000
700310000
700310000
699180000
699180000
699180000
696930000
695810000
694680000
694680000
693550000
693550000
691300000
690180000
690180000
684550000
684550000
683420000
682300000
681170000
680040000
677790000
675540000
675540000
675540000
675540000
675540000
675540000
675540000
674410000
672160000
671040000
671040000
669910000
669910000
669910000
668780000
668780000
668780000
666530000
666530000
664280000
663160000
663160000
662030000
662030000
660900000
660900000
659780000
659780000
658650000
658650000
653020000
648520000
647390000
646270000
644010000
641760000
639510000
639510000
639510000
638390000
638390000
635010000
632760000
631630000
630500000
627130000
627130000
627130000
624870000
624870000
624870000
623750000
623750000
622620000
622620000
619240000
619240000
618120000
618120000
615870000
614740000
613620000
613620000
612490000
609110000
607990000
606860000
606860000
605730000
604610000
604610000
604610000
601230000
601230000
598980000
597850000
596730000
595600000
595600000
593350000
593350000
593350000
591100000
589970000
589970000
589970000
589970000
587720000
586590000
585470000
584340000
580960000
577590000
575330000
575330000
575330000
574210000
574210000
574210000
574210000
574210000
570830000
570830000
569710000
569710000
568580000
568580000
568580000
568580000
568580000
567450000
567450000
567450000
567450000
567450000
567450000
567450000
567450000
567450000
567450000
566330000
566330000
565200000
565200000
565200000
565200000
564080000
564080000
564080000
564080000
564080000
564080000
564080000
564080000
564080000
564080000
562950000
562950000
562950000
562950000
562950000
562950000
562950000
562950000
562950000
562950000
562950000
562950000
562950000
562950000
562950000
562950000
562950000
562950000
562950000
561820000
561820000
560700000
559570000
559570000
559570000
558450000
558450000
558450000
557320000
556190000
556190000
556190000
555070000
555070000
553940000
552820000
551690000
551690000
548310000
548310000
547190000
546060000
546060000
546060000
544940000
543810000
543810000
543810000
542680000
542680000
541560000
541560000
540430000
540430000
540430000
540430000
540430000
538180000
538180000
538180000
537050000
537050000
535930000
535930000
533680000
533680000
532550000
530300000
529170000
528050000
528050000
528050000
526920000
525800000
522420000
522420000
521290000
521290000
521290000
520170000
520170000
520170000
519040000
517910000
516790000
515660000
512280000
512280000
510030000
510030000
508910000
507780000
506650000
506650000
504400000
504400000
503280000
499900000
497650000
497650000
497650000
495400000
494270000
494270000
494270000
494270000
493140000
492020000
492020000
492020000
492020000
490890000
489770000
489770000
489770000
460490000
459370000
458240000
458240000
457120000
457120000
457120000
457120000
457120000
457120000
457120000
455990000
455990000
454860000
454860000
454860000
453740000
453740000
452610000
451490000
451490000
451490000
451490000
451490000
450360000
450360000
450360000
450360000
450360000
450360000
450360000
450360000
450360000
448110000
448110000
445860000
445860000
443600000
442480000
442480000
442480000
441350000
441350000
441350000
440230000
440230000
440230000
440230000
437980000
437980000
436850000
436850000
435720000
435720000
433470000
430090000
427840000
427840000
425590000
425590000
424460000
424460000
424460000
424460000
424460000
424460000
423340000
423340000
422210000
422210000
421090000
421090000
421090000
419960000
418830000
418830000
414330000
414330000
414330000
414330000
413210000
413210000
412080000
412080000
410950000
410950000
410950000
409830000
407580000
406450000
406450000
405320000
405320000
405320000
405320000
404200000
404200000
403070000
403070000
401950000
401950000
400820000
400820000
400820000
399690000
399690000
399690000
398570000
398570000
398570000
397440000
395190000
394060000
394060000
394060000
394060000
394060000
392940000
392940000
392940000
391810000
391810000
390690000
390690000
390690000
390690000
389560000
389560000
389560000
388440000
387310000
386180000
386180000
385060000
385060000
383930000
383930000
383930000
383930000
381680000
381680000
380550000
380550000
380550000
380550000
379430000
379430000
378300000
377180000
377180000
377180000
376050000
376050000
376050000
374920000
373800000
371550000
371550000
370420000
370420000
370420000
370420000
369300000
368170000
368170000
367040000
365920000
365920000
365920000
365920000
364790000
363670000
362540000
362540000
361410000
361410000
361410000
361410000
360290000
360290000
360290000
360290000
360290000
359160000
359160000
358040000
358040000
358040000
355780000
355780000
355780000
355780000
354660000
354660000
354660000
354660000
353530000
353530000
352410000
352410000
352410000
350150000
350150000
349030000
349030000
347900000
347900000
347900000
347900000
347900000
347900000
345650000
345650000
345650000
344530000
344530000
344530000
344530000
344530000
343400000
343400000
343400000
342270000
342270000
342270000
341150000
341150000
341150000
341150000
340020000
340020000
340020000
340020000
340020000
340020000
338900000
338900000
338900000
338900000
338900000
338900000
338900000
338900000
338900000
338900000
338900000
337770000
337770000
337770000
337770000
337770000
337770000
337770000
337770000
337770000
337770000
337770000
337770000
337770000
337770000
337770000
337770000
337770000
337770000
337770000
337770000
337770000
337770000
337770000
337770000
337770000
337770000
337770000
337770000
337770000
337770000
337770000
337770000
337770000
337770000
337770000
337770000
337770000
337770000
336640000
336640000
336640000
336640000
336640000
336640000
336640000
336640000
336640000
336640000
336640000
336640000
335520000
335520000
335520000
335520000
335520000
335520000
335520000
335520000
334390000
334390000
333270000
333270000
333270000
333270000
332140000
332140000
332140000
332140000
332140000
332140000
331010000
331010000
331010000
331010000
331010000
331010000
331010000
331010000
329890000
329890000
328760000
328760000
328760000
328760000
327640000
327640000
327640000
327640000
327640000
327640000
327640000
327640000
327640000
327640000
327640000
327640000
326510000
326510000
326510000
326510000
326510000
326510000
325390000
325390000
325390000
324260000
324260000
323130000
323130000
323130000
322010000
322010000
320880000
320880000
319760000
318630000
318630000
318630000
318630000
317500000
317500000
317500000
316380000
316380000
316380000
316380000
316380000
315250000
315250000
313000000
313000000
311870000
311870000
311870000
310750000
310750000
309620000
309620000
308500000
308500000
308500000
308500000
307370000
306240000
306240000
306240000
305120000
305120000
305120000
303990000
303990000
303990000
303990000
302870000
302870000
302870000
302870000
302870000
301740000
301740000
300620000
300620000
300620000
300620000
300620000
299490000
299490000
299490000
299490000
299490000
298360000
298360000
297240000
297240000
296110000
296110000
296110000
294990000
294990000
294990000
294990000
293860000
292730000
292730000
291610000
291610000
290480000
290480000
290480000
290480000
290480000
289360000
289360000
288230000
288230000
288230000
288230000
288230000
288230000
288230000
287100000
285980000
285980000
285980000
285980000
284850000
284850000
284850000
284850000
284850000
284850000
284850000
283730000
282600000
282600000
282600000
282600000
282600000
282600000
282600000
282600000
281470000
281470000
281470000
281470000
281470000
280350000
280350000
280350000
279220000
279220000
279220000
279220000
278100000
278100000
278100000
278100000
278100000
276970000
276970000
276970000
276970000
275850000
275850000
275850000
275850000
274720000
274720000
273590000
273590000
273590000
273590000
273590000
273590000
273590000
273590000
273590000
272470000
272470000
272470000
272470000
272470000
271340000
271340000
271340000
270220000
270220000
270220000
270220000
269090000
269090000
269090000
267960000
267960000
266840000
266840000
266840000
265710000
265710000
265710000
265710000
265710000
264590000
264590000
264590000
264590000
264590000
263460000
263460000
263460000
262330000
262330000
262330000
262330000
261210000
261210000
261210000
261210000
261210000
260080000
260080000
260080000
260080000
258960000
258960000
258960000
257830000
257830000
257830000
257830000
255580000
255580000
255580000
255580000
255580000
254450000
254450000
254450000
254450000
254450000
253330000
253330000
253330000
252200000
252200000
251080000
251080000
251080000
251080000
249950000
249950000
249950000
249950000
248820000
248820000
248820000
247700000
247700000
246570000
246570000
246570000
246570000
245450000
245450000
245450000
244320000
244320000
243190000
243190000
243190000
243190000
243190000
242070000
242070000
242070000
242070000
242070000
242070000
242070000
242070000
242070000
240940000
240940000
240940000
240940000
240940000
239820000
239820000
239820000
238690000
238690000
237560000
237560000
237560000
236440000
236440000
236440000
236440000
236440000
235310000
235310000
235310000
235310000
234190000
234190000
234190000
234190000
233060000
233060000
233060000
233060000
233060000
233060000
231940000
231940000
231940000
231940000
230810000
230810000
230810000
230810000
230810000
230810000
229680000
229680000
229680000
229680000
229680000
229680000
229680000
229680000
229680000
228560000
228560000
228560000
228560000
228560000
228560000
227430000
227430000
227430000
227430000
227430000
227430000
226310000
226310000
226310000
226310000
226310000
226310000
226310000
226310000
226310000
225180000
225180000
225180000
225180000
225180000
225180000
225180000
225180000
225180000
225180000
225180000
225180000
225180000
225180000
225180000
225180000
225180000
225180000
225180000
225180000
225180000
225180000
225180000
225180000
225180000
225180000
225180000
224050000
224050000
224050000
224050000
224050000
224050000
224050000
224050000
222930000
222930000
222930000
222930000
222930000
222930000
222930000
221800000
221800000
221800000
221800000
221800000
220680000
220680000
220680000
220680000
220680000
220680000
219550000
219550000
219550000
219550000
219550000
219550000
219550000
219550000
219550000
219550000
219550000
219550000
218420000
218420000
217300000
217300000
217300000
216170000
215050000
215050000
215050000
215050000
215050000
213920000
213920000
213920000
213920000
212800000
212800000
212800000
211670000
211670000
211670000
211670000
211670000
211670000
211670000
210540000
210540000
210540000
209420000
209420000
209420000
209420000
209420000
208290000
208290000
208290000
208290000
208290000
207170000
207170000
207170000
207170000
207170000
206040000
204910000
204910000
204910000
204910000
204910000
204910000
203790000
203790000
203790000
203790000
203790000
203790000
202660000
202660000
201540000
201540000
201540000
201540000
200410000
199280000
198160000
198160000
198160000
197030000
197030000
197030000
197030000
197030000
195910000
195910000
195910000
195910000
194780000
194780000
194780000
194780000
194780000
193650000
193650000
193650000
193650000
193650000
192530000
192530000
192530000
192530000
192530000
191400000
191400000
191400000
191400000
191400000
191400000
191400000
190280000
190280000
190280000
190280000
190280000
190280000
190280000
190280000
189150000
189150000
189150000
189150000
189150000
188030000
188030000
188030000
186900000
186900000
185770000
185770000
184650000
184650000
184650000
184650000
184650000
184650000
183520000
183520000
183520000
182400000
182400000
182400000
181270000
181270000
181270000
180140000
180140000
180140000
180140000
180140000
180140000
180140000
180140000
179020000
179020000
179020000
179020000
177890000
177890000
177890000
177890000
177890000
177890000
176770000
176770000
175640000
175640000
175640000
174510000
174510000
174510000
173390000
173390000
173390000
172260000
171140000
171140000
171140000
171140000
171140000
170010000
170010000
170010000
168880000
168880000
168880000
168880000
168880000
168880000
168880000
168880000
168880000
168880000
167760000
166630000
166630000
166630000
166630000
166630000
165510000
165510000
165510000
165510000
165510000
165510000
164380000
164380000
164380000
164380000
164380000
164380000
164380000
164380000
164380000
163260000
163260000
163260000
163260000
163260000
163260000
163260000
162130000
162130000
162130000
162130000
162130000
162130000
162130000
162130000
161000000
161000000
161000000
159880000
159880000
159880000
159880000
159880000
159880000
159880000
159880000
159880000
159880000
158750000
158750000
158750000
158750000
158750000
158750000
157630000
157630000
157630000
157630000
156500000
156500000
156500000
156500000
156500000
155370000
155370000
155370000
155370000
155370000
154250000
154250000
154250000
154250000
154250000
153120000
153120000
153120000
153120000
153120000
153120000
152000000
152000000
152000000
152000000
152000000
150870000
150870000
150870000
150870000
149740000
149740000
149740000
149740000
148620000
148620000
148620000
148620000
147490000
147490000
147490000
147490000
147490000
146370000
146370000
146370000
146370000
146370000
146370000
146370000
146370000
146370000
146370000
146370000
146370000
145240000
145240000
145240000
145240000
145240000
144120000
144120000
144120000
142990000
142990000
141860000
131730000
131730000
131730000
131730000
130600000
130600000
130600000
130600000
130600000
130600000
130600000
130600000
130600000
129480000
129480000
129480000
129480000
129480000
129480000
128350000
128350000
128350000
128350000
128350000
128350000
128350000
128350000
127230000
127230000
127230000
127230000
127230000
126100000
126100000
126100000
126100000
124970000
124970000
124970000
124970000
124970000
124970000
124970000
123850000
123850000
123850000
123850000
123850000
123850000
123850000
123850000
123850000
123850000
123850000
122720000
122720000
122720000
122720000
122720000
122720000
122720000
122720000
122720000
122720000
122720000
122720000
121600000
121600000
121600000
121600000
121600000
121600000
121600000
121600000
121600000
121600000
121600000
121600000
121600000
121600000
121600000
121600000
121600000
121600000
120470000
120470000
120470000
120470000
120470000
120470000
120470000
120470000
120470000
120470000
119350000
119350000
119350000
119350000
119350000
119350000
119350000
119350000
119350000
119350000
119350000
119350000
119350000
119350000
119350000
119350000
119350000
119350000
119350000
119350000
119350000
119350000
119350000
119350000
119350000
119350000
118220000
118220000
118220000
118220000
118220000
118220000
118220000
118220000
118220000
118220000
118220000
118220000
118220000
118220000
118220000
118220000
117090000
117090000
117090000
117090000
117090000
117090000
117090000
117090000
117090000
117090000
117090000
117090000
117090000
117090000
115970000
115970000
115970000
115970000
115970000
115970000
115970000
115970000
114840000
114840000
114840000
114840000
114840000
114840000
114840000
114840000
114840000
113720000
113720000
113720000
113720000
113720000
113720000
113720000
113720000
113720000
113720000
113720000
113720000
113720000
113720000
113720000
113720000
113720000
113720000
113720000
112590000
112590000
112590000
112590000
112590000
112590000
112590000
112590000
112590000
112590000
112590000
112590000
112590000
112590000
112590000
112590000
112590000
112590000
112590000
112590000
112590000
112590000
112590000
112590000
112590000
112590000
112590000
112590000
112590000
112590000
112590000
112590000
112590000
112590000
112590000
112590000
112590000
112590000
112590000
112590000
112590000
112590000
112590000
112590000
112590000
112590000
112590000
112590000
112590000
112590000
112590000
112590000
112590000
112590000
112590000
112590000
112590000
112590000
112590000
112590000
112590000
112590000
112590000
112590000
112590000
112590000
112590000
112590000
112440000
112410000
112350000
112340000
112330000
112280000
112260000
112160000
112160000
112140000
112130000
112130000
112110000
112090000
111980000
111960000
111950000
111940000
111890000
111770000
111700000
111650000
111570000
111550000
111490000
111380000
111350000
111230000
111210000
111190000
111180000
111160000
111160000
111150000
111070000
111060000
111030000
111000000
111000000
110980000
110970000
110830000
110790000
110770000
110770000
110750000
110700000
110640000
110470000
110350000
110180000
110170000
110160000
110160000
110090000
110070000
110060000
110050000
110010000
110010000
110010000
110010000
110010000
110010000
110010000
110010000
110010000
110010000
110000000
110000000
110000000
109990000
109990000
109980000
109970000
109960000
109870000
109770000
109280000
109270000
109210000
109170000
109090000
108980000
108940000
108860000
108770000
108730000
108680000
108560000
108470000
108310000
108300000
108270000
108240000
108200000
101480000
101480000
101300000
101300000
101050000
101050000
100930000
100930000
100890000
100890000
100830000
100830000
100630000
100630000
100450000
100450000
100230000
100230000
100110000
100110000
100010000
100010000
99850000
99850000
99736000
99736000
99540000
99540000
99396000
99396000
99173000
99173000
99142000
99142000
98985000
98985000
98516000
98516000
98138000
98138000
98126000
98126000
98111000
98111000
97915000
97915000
97905000
97905000
97756000
97756000
97588000
97588000
97423000
97423000
97383000
97383000
97303000
97303000
96845000
96845000
96760000
96760000
96544000
96544000
96338000
96338000
96122000
96122000
95936000
95936000
95307000
95307000
95224000
95224000
94784000
94784000
94747000
94747000
94744000
94744000
94191000
94191000
94070000
94070000
93761000
93761000
93731000
93731000
93644000
93644000
93614000
93614000
93308000
93308000
93288000
93288000
93256000
93256000
93010000
93010000
83742000
83742000
83652000
83652000
83453000
83453000
83102000
83102000
83089000
83089000
82615000
82615000
82604000
82604000
82491000
82491000
82467000
82467000
81828000
81828000
81794000
81794000
81742000
81742000
81436000
81436000
81378000
81378000
81309000
81309000
81038000
81038000
81010000
81010000
80934000
80934000
80832000
80832000
80701000
80701000
80639000
80639000
80581000
80581000
80347000
80347000
80319000
80319000
80296000
80296000
80251000
80251000
80224000
80224000
80169000
80169000
80059000
80059000
79419000
79419000
79378000
79378000
79207000
79207000
79184000
79184000
79014000
79014000
78862000
78862000
78289000
78289000
78144000
78144000
77962000
77962000
77808000
77808000
77574000
77574000
77392000
77392000
77148000
77148000
77038000
77038000
77011000
77011000
76983000
76983000
76859000
76859000
76681000
76681000
76279000
76279000
76203000
76203000
75732000
75732000
75616000
75527000
75042000
74788000
74633000
74430000
73860000
73661000
73221000
72919000
72654000
72640000
72540000
72523000
72280000
72091000
72091000
71694000
71627000
71513000
71413000
70860000
70466000
70246000
70036000
69654000
69457000
69208000
69142000
69119000
69080000
69056000
68592000
68555000
68493000
68307000
68102000
67830000
67791000
67584000
67277000
67214000
67139000
67119000
67002000
66194000
66109000
66060000
65879000
65699000
56859000
56859000
56817000
56817000
56783000
56783000
56711000
56711000
56557000
56557000
56350000
56350000
56350000
56350000
56339000
56339000
55972000
55972000
55818000
55818000
55226000
55226000
55158000
55158000
55122000
55122000
55056000
55056000
55003000
55003000
54982000
54982000
54976000
54976000
54976000
54976000
54976000
54976000
54835000
54835000
54701000
54701000
54487000
54487000
54154000
54154000
54054000
54054000
53934000
53934000
53776000
53776000
53670000
53670000
53635000
53635000
53347000
53347000
53316000
53316000
53165000
53165000
52756000
52756000
52626000
52626000
52563000
52563000
52471000
52471000
52303000
52303000
52175000
52175000
52093000
52093000
51959000
51959000
51918000
51918000
51873000
51873000
51842000
51842000
51763000
51763000
51667000
51667000
51540000
51540000
51197000
51197000
51127000
51127000
51114000
51114000
51055000
51055000
50914000
50914000
50907000
50873000
50873000
50839000
50289000
50199000
49873000
49798000
49676000
49643000
49591000
49473000
49361000
49310000
49182000
48817000
48736000
48523000
48427000
48419000
48141000
47750000
47674000
47327000
47291000
47266000
47199000
47053000
46943000
46932000
46888000
46881000
46846000
46818000
46736000
46680000
46534000
46513000
46461000
46283000
45987000
45905000
45874000
45850000
45850000
45612000
45416000
45342000
45338000
45287000
45259000
45252000
45114000
45087000
45070000
44908000
44894000
44830000
44689000
44661000
44527000
44509000
44359000
44356000
44351000
44314000
44282000
44170000
44145000
44128000
44125000
44125000
44039000
44026000
44023000
44020000
44015000
44001000
44001000
43998000
43987000
43984000
43980000
43980000
43980000
43980000
43960000
43919000
43871000
43857000
43822000
43685000
43582000
43458000
43264000
42823000
42561000
42510000
42394000
42386000
42283000
41851000
41781000
41717000
41682000
41469000
41458000
41390000
41366000
41245000
41049000
40674000
40654000
40599000
40590000
40544000
40322000
40300000
40165000
40132000
40098000
40072000
40037000
39789000
39714000
39579000
39377000
39112000
39098000
39026000
38936000
38879000
38764000
38643000
38626000
38040000
37878000
37861000
37847000
37685000
37631000
37552000
37527000
37380000
37325000
37246000
37222000
37222000
37222000
37218000
37215000
37212000
37191000
37115000
36961000
36958000
36953000
36919000
36745000
36730000
36651000
36510000
36486000
36316000
36277000
36226000
36078000
35985000
35896000
35844000
35713000
35631000
35576000
35526000
35144000
34858000
34638000
34408000
34271000
33858000
33803000
33734000
33707000
33693000
33529000
33384000
33288000
33254000
33187000
33184000
33150000
33150000
33140000
33027000
33013000
32985000
32907000
32460000
32453000
32414000
32387000
32285000
32285000
32188000
32099000
32099000
32072000
31947000
31934000
31928000
31923000
31907000
31883000
31865000
31803000
31749000
31742000
31611000
31582000
31491000
31370000
31051000
30718000
30707000
30619000
30407000
30377000
30374000
30157000
30080000
29983000
29721000
29653000
29549000
29522000
29477000
29436000
29333000
29293000
29237000
29165000
29082000
28805000
28704000
28621000
28539000
28513000
28467000
28464000
28464000
28456000
28450000
28395000
28392000
28350000
28243000
28000000
27876000
27804000
27797000
27694000
27632000
27612000
27316000
26632000
26536000
26323000
26215000
26206000
26031000
25873000
25770000
25626000
25399000
25331000
25289000
25267000
24992000
24941000
24873000
24825000
24797000
24674000
24618000
24574000
24492000
24372000
24363000
24320000
24262000
24193000
24066000
23948000
23921000
23836000
23767000
23664000
23493000
23490000
23434000
23206000
23022000
22757000
22708000
22583000
22423000
22368000
22186000
22138000
22073000
21990000
21853000
21840000
21664000
21248000
21035000
20973000
20973000
20973000
20970000
20523000
20496000
20359000
20296000
20118000
20012000
19959000
19956000
19925000
19791000
19754000
19734000
19383000
19317000
19296000
19228000
19221000
19221000
19189000
19159000
19118000
19083000
19001000
18991000
18976000
18905000
18898000
18881000
18878000
18874000
13836000
13836000
13778000
13778000
13703000
13703000
13624000
13624000
13595000
13595000
13344000
13344000
13263000
13263000
13233000
13233000
13208000
13208000
13126000
13126000
12998000
12998000
12934000
12934000
12838000
12838000
12830000
12830000
12788000
12788000
12708000
12708000
12538000
12538000
12511000
12511000
12510000
12510000
12366000
12366000
12187000
12187000
12180000
12180000
12170000
12170000
12143000
12143000
12085000
12085000
11907000
11907000
11868000
11868000
11816000
11816000
11642000
11642000
11634000
11634000
11600000
11600000
11593000
11593000
11582000
11582000
11562000
11562000
11504000
11504000
11401000
11401000
11380000
11380000
11377000
11377000
11352000
11352000
11175000
11175000
11163000
11163000
11108000
11108000
11049000
11049000
11029000
11029000
11023000
11023000
11013000
11013000
10998000
10998000
10954000
10954000
10923000
10923000
10675000
10675000
7687800
7687800
7672400
7672400
7662500
7662500
7651500
7651500
7631700
7631700
7620700
7620700
7521800
7521800
7504200
7504200
7353500
7353500
7167700
7167700
7136900
7136900
7009400
7009400
6929100
6929100
6896100
6896100
6798300
6798300
6638900
6638900
6631200
6631200
6456300
6456300
6359600
6359600
6349700
6349700
6336500
6336500
6332100
6332100
6325500
6325500
6298000
6298000
6298000
6298000
6291400
6291400
6178200
6178200
6157300
6157300
6074800
6074800
6006600
6006600
5975800
5975800
5937400
5937400
5900000
5900000
5900000
5900000
5631700
5631700
5559100
5559100
5525000
5525000
5507500
5507500
5445900
5445900
5429400
5429400
5415100
5415100
5401900
5401900
5332600
5332600
5298500
5298500
5256800
5256800
5256800
5256800
5246900
5246900
5243600
5243600
5226000
5226000
5222700
5222700
5216100
5212800
5205100
5201800
5198500
5195200
5195200
5185300
5157800
5157800
5117100
5095100
4954400
4951100
4934600
4887300
4782900
4780700
4764200
4752100
4612500
4564100
4553100
4443100
4443100
4425500
4391400
4047300
3875800
3775700
3759200
3755900
3731700
3687800
3662500
3646000
3594300
3470100
3432700
3377700
3374400
3346900
3335900
3298500
3286400
3120400
2968700
2947800
2768600
2763100
976370
976370
925790
925790
913690
913690
882910
882910
870810
870810
858720
858720
855420
855420
834530
834530
824630
824630
790550
790550
708090
708090
690490
690490
638820
638820
635520
635520
614630
614630
604730
604730
594840
594840
512370
512370
512370
512370
494780
494780
481590
481590
422210
422210
371630
371630
360640
360640
357340
357340
332050
332050
308960
308960
257290
257290
250690
250690
229800
229800
223200
223200
219900
219900
216600
216600
215500
215500
199010
199010
179220
179220
155030
155030
134140
134140
128640
128640
127540
127540
113250
113250
103080
103080
102070
102070
99983
99983
99643
99643
96207
96207
82463
82463
75591
75591
72639
72639
61848
61848
