85002096
53240616
47817351
33148049
26201370
20619023
12954391
12198881
12174496
12168768
11888157
11886357
11877815
11823422
11808144
11380154
10988457
9870572
9470967
9086300
7326688
7326134
7326052
7323654
7322968
7322783
7321351
7321289
7106422
6827974
5775624
5272427
4854919
4776863
4508219
4285981
4035147
4026597
3999889
3997917
3890526
3869869
3796434
3723560
3469877
3242367
3157629
3051839
3011344
2912952
2848798
2747503
2664408
2505790
2272186
2117360
2072576
2023495
2001332
1935240
1916014
1656880
1656802
1614249
1496022
1471615
1469472
1436381
1376284
1371061
1355142
1343002
1320666
1292639
1290800
1278221
1168056
1115395
1085442
1080965
1076481
1017450
997161
954713
870346
856469
807797
781284
746870
732132
730522
698433
690949
682752
679130
670607
644886
640535
637612
626371
600283
585068
581465
567283
521461
521234
479823
479254
477011
466798
458144
437271
434450
421783
416251
411429
391954
389457
381936
373383
372530
370086
362552
358387
355298
352029
347707
345513
344062
341418
331739
314931
311016
304245
301523
292180
286007
283017
273273
254294
249942
248937
248546
245763
245526
236395
231674
229095
226720
222455
215937
215312
207792
206520
201181
191300
186549
181087
179543
176410
172942
171763
169195
168904
167018
165305
162904
152125
152001
150924
149636
142616
142340
140018
139271
139156
131847
131495
131261
128601
125433
124010
123674
123638
121985
120513
118762
117401
114544
112230
107214
105614
104123
104063
104023
103174
100855
99559
98570
98035
96124
96095
95025
91267
89821
89288
88220
86169
86149
83236
81669
80069
79777
76129
74561
72109
70625
70421
67721
67565
66587
65599
64214
64068
64068
64000
63633
62957
62587
62409
61303
60168
59810
57885
57859
56080
56048
56045
56030
52633
52471
52036
51741
49599
48561
48237
48026
48000
47589
46570
46289
44181
43674
43478
42969
42457
42399
42359
41271
41084
40928
40836
40458
40204
40202
40049
37659
36050
35108
33512
33404
33365
33010
32686
32086
32069
32005
31997
31348
31008
30681
30306
29440
28698
27971
27099
26815
26640
26301
25540
25280
24903
24815
24448
24120
24089
24020
24018
24017
22892
22782
21519
20393
20165
20135
19872
18273
17428
17416
16815
16604
16587
16484
16452
16408
16240
16142
16069
16025
16025
16023
16012
16007
16000
16000
15715
15611
15075
14487
13227
13178
12670
12615
12307
11569
11541
10949
10878
10513
10373
10100
10091
10038
10014
9369
9011
8948
8895
8779
8615
8613
8554
8551
8514
8480
8402
8371
8363
8266
8256
8220
8203
8192
8161
8160
8156
8154
8154
8142
8140
8135
8124
8097
8073
8044
8037
8026
8005
8000
8000
8000
8000
